lv=1
wt=0
co=163
Place LString 
xy=1700387.79812613,998962.13721021,781.75
xy=1700390.0682406,998968.519481203,781.75
xy=1700397.63816541,998965.210834587,781.75
xy=1700391.70686364,998961.686068182,781.75
xy=1700391.20161111,998961.691805556,781.75
xy=1700387.79812613,998962.13721021,781.75
Reset
